11
13
26
28
33
39
41
45
48
49
63
71
76
77
84
86
87
88
91
92
111
114
117
121
145
147
151
152
153
160
179
185
191
213
214
225
226
237
239
249
260
264
266
267
273
277
283
286
298
314
319
326
336
337
340
343
350
351
357
358
361
362
368
369
374
375
380
383
386
388
394
396
397
400
403
406
409
411
412
414
415
418
421
424
427
430
433
436
439
442
445
448
451
454
457
460
475
476
478
483
1405
1406
1692
1693
1696
1699
1708
1937
1938
1942
1947
1949
1956
1959
1963
1964
1967
1973
1975
1982
1984
1987
1992
2013
2014
2020
2026
2032
2033
2041
2042
2050
2051
2063
2066
2068
2072
2080
2081
2088
2092
2098
2101
2104
2107
2110
2113
2116
2119
2122
2125
2128
2131
2134
4068
4121
4168
4210
4214
6596
6601
6606
6779
6782
6784
6789
6792
6795
6798
6801
6804
6807
6810
6813
6816
6819
6822
6825
6828
6831
6834
6837
6840
6843
6846
6849
6852
6855
6858
6861
6864
6867
6870
7347
7356
7360
7361
7365
7370
7373
7376
7379
7382
7384
7385
7388
7398
7399
7403
7404
7480
7482
7484
7486
7522
7523
7525
7538
7549
7553
7557
7566
7567
7583
7592
7597
7598
7608
7610
7626
7627
7635
7670
7673
7679
7680
7689
7741
7747
7748
7799
7803
7814
7815
7823
7824
7892
7903
7904
7912
7913
7919
7922
7925
7928
7930
7931
7934
7937
7981
7982
7998
8005
8011
8016
8017
8030
8055
8056
8060
8061
8065
8073
8075
8085
8086
8094
8095
8100
8721
8778
8780
8786
8789
8790
8814
8821
8829
8830
8838
8844
8853
8870
8884
9023
9029
9030
9038
9039
9045
9049
9053
9057
9065
9071
9074
9077
9080
9083
9086
9089
9092
9095
9098
9101
9104
9107
9110
9113
9115
9116
9119
9191
9199
9200
9203
9209
9271
9273
9275
9278
9285
9292
9293
9303
9307
9311
9315
9321
9331
9332
9335
9344
9351
9354
9358
9362
9367
9371
9375
9379
9384
9387
9398
9475
9480
9484
9487
9581
9586
9587
9600
9601
9604
9608
9612
9618
9619
9627
9628
9637
9732
9737
9738
9747
9751
9753
9996
9997
9999
10000
10001
10040
10043
10046
10051
10056
10057
10060
10064
10072
10073
10075
10086
10093
10097
10113
10153
10156
10158
10159
10163
10168
10171
10172
10173
10178
10271
