3
11
13
26
28
33
39
41
45
48
49
63
70
71
76
77
84
86
87
88
91
92
99
100
102
103
111
113
114
116
117
121
127
132
133
134
135
138
145
146
147
148
151
152
153
159
160
162
167
170
171
172
174
178
179
181
182
183
184
185
190
191
194
196
201
202
205
208
213
214
215
225
226
228
229
232
237
239
240
241
242
246
247
248
249
260
263
264
266
267
273
277
283
285
286
293
294
295
296
298
305
308
309
314
315
318
319
326
336
337
340
343
350
351
357
358
361
362
368
369
374
375
380
383
386
387
388
393
394
396
397
399
400
402
403
405
406
408
409
411
412
414
415
417
418
420
421
423
424
426
427
429
430
432
433
435
436
438
439
441
442
444
445
447
448
450
451
453
454
456
457
459
460
475
476
478
483
1405
1406
1407
1408
1410
1411
1413
1414
1416
1417
1419
1420
1422
1432
1433
1437
1438
1441
1442
1449
1452
1476
1477
1478
1481
1484
1496
1497
1498
1501
1504
1520
1521
1522
1525
1528
1544
1545
1546
1549
1552
1572
1573
1574
1577
1580
1620
1621
1622
1625
1628
1644
1645
1646
1649
1652
1672
1673
1674
1680
1683
1684
1685
1692
1693
1696
1699
1707
1708
1712
1715
1718
1721
1724
1727
1730
1733
1735
1736
1739
1742
1745
1747
1748
1750
1751
1753
1754
1756
1757
1759
1760
1763
1765
1766
1768
1769
1772
1775
1777
1778
1781
1783
1784
1786
1787
1789
1790
1792
1793
1795
1796
1798
1799
1801
1802
1804
1805
1807
1829
1837
1845
1937
1938
1942
1943
1946
1947
1949
1956
1959
1963
1964
1967
1973
1975
1978
1980
1982
1984
1986
1987
1988
1989
1990
1992
2013
2014
2020
2026
2032
2033
2041
2042
2050
2051
2063
2066
2068
2072
2080
2081
2088
2092
2097
2098
2100
2101
2103
2104
2106
2107
2109
2110
2112
2113
2115
2116
2118
2119
2121
2122
2124
2125
2127
2128
2130
2131
2133
2134
2137
2138
2140
2150
2186
2189
2190
2192
2194
2202
2238
2241
2242
2244
2246
2249
2250
2251
2252
2259
2260
2267
2271
2275
2276
2282
2283
2284
2285
2308
2314
2315
2317
2322
2357
2360
2362
2363
2375
2377
2379
2385
2420
2423
2428
2462
2473
2512
2514
2519
2520
2528
2532
2537
2539
2542
2544
2545
2547
2548
2562
2597
2598
2603
2604
2614
2654
2655
2657
2662
2664
2671
2675
2700
2702
2704
2705
2713
2715
2716
2719
2738
2763
2764
2765
2976
2977
2998
2999
3001
3002
3004
3007
3008
3010
3011
3012
3015
3017
3024
3030
3031
3033
3034
3036
3037
3039
3040
3042
3043
3045
3046
3048
3049
3051
3052
3054
3055
3057
3058
3060
3061
3063
3064
3066
3067
3069
3070
3072
3073
3075
3076
3078
3079
3081
3082
3084
3085
3087
3088
3090
3091
3093
3094
3096
3097
3101
3110
3114
3117
3126
3167
3169
3171
3220
3222
3224
3284
3286
3289
3295
3330
3331
3338
3375
3376
3378
3380
3381
3383
3386
3387
3388
3621
3625
3636
3647
3693
3738
3783
3828
3873
3918
3963
4002
4005
4059
4063
4068
4069
4070
4071
4073
4074
4075
4076
4077
4078
4079
4083
4087
4088
4098
4099
4101
4104
4108
4109
4121
4158
4168
4209
4210
4212
4214
4247
4248
4268
4272
4273
4276
4278
4280
4281
4282
4284
4286
4287
4292
4293
4297
4298
4299
4300
4301
4302
4303
4306
4307
4309
4310
4311
4312
4313
4314
4315
4318
4319
6596
6601
6606
6624
6625
6635
6636
6646
6647
6657
6658
6662
6664
6674
6675
6678
6680
6684
6688
6689
6693
6779
6782
6784
6788
6789
6791
6792
6794
6795
6797
6798
6800
6801
6803
6804
6806
6807
6809
6810
6812
6813
6815
6816
6818
6819
6821
6822
6824
6825
6827
6828
6830
6831
6833
6834
6836
6837
6839
6840
6842
6843
6845
6846
6848
6849
6851
6852
6854
6855
6857
6858
6860
6861
6863
6864
6866
6867
6869
6870
6873
6874
6877
6881
6882
6884
6887
6888
6891
6892
6895
6896
6899
6902
6903
6905
6908
6909
6912
6919
6920
6923
6926
6927
6928
6929
6932
6935
6942
6943
6946
6949
6950
6951
6952
6955
6958
6959
6960
6961
6964
6974
6977
6980
6983
6986
6989
6992
6995
6998
7002
7004
7005
7007
7008
7009
7010
7015
7016
7018
7019
7020
7021
7027
7029
7030
7032
7033
7034
7035
7041
7043
7044
7047
7048
7116
7118
7119
7125
7126
7127
7129
7134
7135
7140
7141
7146
7151
7152
7155
7159
7164
7165
7171
7172
7177
7178
7182
7183
7188
7189
7196
7199
7204
7247
7258
7264
7267
7272
7276
7286
7292
7294
7299
7300
7314
7319
7320
7323
7325
7333
7337
7341
7342
7346
7347
7356
7360
7361
7365
7369
7370
7372
7373
7375
7376
7378
7379
7381
7382
7384
7385
7387
7388
7398
7399
7403
7404
7405
7406
7407
7408
7410
7411
7412
7413
7414
7415
7416
7417
7418
7419
7420
7421
7422
7423
7426
7428
7479
7480
7481
7482
7483
7484
7486
7513
7522
7523
7524
7525
7526
7527
7537
7538
7541
7542
7549
7553
7557
7566
7567
7578
7581
7582
7583
7587
7590
7591
7592
7597
7598
7608
7609
7610
7611
7615
7616
7620
7626
7627
7634
7635
7645
7650
7651
7655
7660
7661
7669
7670
7672
7673
7679
7680
7688
7689
7693
7694
7698
7701
7702
7705
7706
7712
7713
7717
7718
7722
7726
7728
7732
7736
7737
7741
7747
7748
7752
7754
7755
7757
7758
7759
7761
7762
7763
7764
7765
7767
7768
7769
7771
7772
7773
7774
7775
7777
7778
7779
7781
7782
7783
7784
7785
7787
7788
7789
7792
7793
7797
7799
7803
7814
7815
7823
7824
7828
7831
7834
7838
7840
7846
7847
7849
7850
7852
7853
7855
7856
7858
7859
7861
7885
7886
7890
7892
7903
7904
7912
7913
7918
7919
7921
7922
7924
7925
7927
7928
7930
7931
7933
7934
7936
7937
7948
7949
7965
7971
7972
7981
7982
7987
7993
7994
7998
8004
8005
8010
8011
8016
8017
8025
8029
8030
8037
8038
8041
8042
8055
8056
8060
8061
8065
8068
8072
8073
8075
8085
8086
8094
8095
8099
8100
8108
8113
8114
8119
8120
8124
8132
8133
8138
8141
8142
8143
8146
8147
8149
8152
8153
8155
8156
8160
8161
8163
8164
8169
8170
8177
8179
8193
8195
8210
8211
8212
8213
8217
8218
8219
8225
8226
8230
8233
8235
8236
8237
8244
8245
8248
8249
8254
8260
8261
8264
8265
8268
8269
8273
8274
8277
8278
8282
8283
8288
8295
8296
8300
8301
8305
8306
8311
8312
8314
8315
8321
8322
8324
8325
8329
8330
8347
8348
8354
8355
8363
8364
8370
8377
8378
8384
8389
8390
8394
8395
8398
8404
8405
8407
8408
8412
8417
8418
8423
8426
8429
8430
8433
8439
8440
8446
8447
8449
8451
8452
8456
8457
8458
8460
8472
8473
8499
8504
8505
8509
8512
8513
8517
8518
8519
8523
8524
8528
8531
8532
8536
8537
8538
8542
8543
8547
8550
8551
8555
8556
8557
8563
8564
8568
8575
8576
8584
8585
8588
8595
8596
8603
8608
8609
8611
8612
8616
8617
8620
8622
8623
8630
8635
8636
8639
8640
8642
8646
8647
8650
8653
8654
8658
8662
8665
8667
8676
8678
8680
8682
8684
8688
8691
8701
8704
8710
8711
8716
8717
8721
8778
8780
8781
8782
8784
8786
8787
8789
8790
8802
8803
8806
8808
8814
8821
8829
8830
8838
8844
8852
8853
8856
8859
8869
8870
8873
8874
8876
8877
8884
8891
8894
8899
8905
8906
8912
8913
8926
8930
8935
8936
8940
8948
8951
8959
8960
8964
8972
8975
8980
8988
8989
8997
8998
9004
9009
9023
9029
9030
9038
9039
9045
9049
9053
9057
9065
9071
9074
9077
9079
9080
9082
9083
9085
9086
9088
9089
9091
9092
9094
9095
9097
9098
9100
9101
9103
9104
9106
9107
9109
9110
9112
9113
9115
9116
9118
9119
9126
9131
9134
9135
9143
9146
9147
9148
9153
9154
9160
9161
9165
9166
9174
9175
9181
9186
9191
9199
9200
9203
9204
9209
9210
9214
9218
9222
9225
9228
9232
9236
9237
9238
9242
9245
9246
9250
9251
9255
9259
9262
9265
9266
9267
9271
9273
9274
9275
9278
9285
9286
9292
9293
9303
9307
9311
9315
9321
9331
9332
9334
9335
9344
9351
9354
9358
9362
9367
9371
9375
9379
9384
9387
9398
9475
9480
9484
9487
9492
9494
9499
9501
9508
9533
9535
9540
9545
9573
9575
9581
9586
9587
9600
9601
9604
9607
9608
9612
9618
9619
9627
9628
9636
9637
9641
9642
9645
9651
9652
9658
9659
9662
9667
9669
9680
9681
9686
9689
9697
9698
9703
9708
9709
9723
9728
9729
9732
9737
9738
9745
9747
9749
9751
9753
9756
9759
9767
9768
9771
9772
9775
9776
9779
9780
9787
9792
9795
9796
9797
9801
9803
9804
9813
9814
9817
9818
9839
9848
9851
9855
9861
9862
9864
9865
9871
9872
9873
9874
9878
9881
9882
9885
9892
9895
9905
9915
9919
9925
9933
9990
9996
9997
9999
10000
10001
10005
10025
10030
10031
10036
10037
10040
10042
10043
10046
10051
10056
10057
10059
10060
10064
10072
10073
10075
10076
10080
10086
10087
10092
10093
10096
10097
10098
10100
10101
10103
10104
10107
10108
10110
10111
10113
10119
10123
10124
10128
10144
10153
10154
10156
10158
10159
10163
10168
10171
10172
10173
10178
10179
10182
10183
10187
10189
10191
10192
10195
10196
10201
10204
10205
10206
10210
10271
10272
10284
10285
10286
10287
10293
10295
10296
10300
10305
10313
10317
10318
10337
10372
10379
10380
10386
10389
10390
10391
