1 1
2 3
2 0
3 2
11 14
12 13
4 3
17 18
20 23
21 22
5 5
26 35
28 29
32 33
38 39
40 41
6 12
45 49
47 48
51 63
55 56
61 62
70 71
76 86
77 85
78 84
80 82
87 88
91 92
7 2
99 100
102 103
8 4
110 111
113 114
116 117
120 121
9 4
126 127
132 135
133 134
138 139
10 18
145 148
146 147
151 194
152 153
159 160
162 174
167 172
170 171
178 179
180 185
181 184
182 183
190 191
196 213
201 202
205 206
208 209
214 215
11 9
225 226
228 237
229 234
232 233
235 236
239 240
241 242
246 249
247 248
12 16
257 260
263 264
266 267
273 278
276 277
283 287
285 286
293 298
294 297
295 296
305 310
308 309
314 315
318 319
322 326
324 325
13 0
14 2
336 337
340 343
15 421
350 351
357 358
361 362
368 369
374 375
380 1408
383 476
386 475
387 388
393 394
396 397
399 400
402 403
405 406
408 409
411 412
414 415
417 418
420 421
423 424
426 427
429 430
432 433
435 436
438 439
441 442
444 445
447 448
450 451
453 454
456 457
459 460
478 1405
482 483
489 490
495 496
498 499
501 502
504 505
507 508
510 511
513 514
516 517
519 520
522 523
525 526
528 529
531 532
534 535
537 538
540 541
543 544
546 547
549 550
552 553
556 557
559 560
564 565
567 569
570 572
573 575
576 578
581 582
584 586
587 589
590 598
591 596
594 595
599 608
602 607
605 606
611 613
614 622
615 620
618 619
623 632
626 631
629 630
635 637
638 646
639 645
642 644
648 652
649 651
655 657
660 662
665 667
670 672
675 676
678 679
681 684
682 683
688 689
691 694
692 693
698 699
701 702
704 707
705 706
711 712
714 715
718 719
724 747
727 746
733 734
738 739
742 743
750 751
755 773
760 761
765 766
769 770
775 784
778 779
782 783
788 789
793 794
796 797
801 802
803 804
805 806
810 811
815 816
818 821
819 820
825 826
830 831
835 836
838 839
842 847
844 845
852 1304
853 1303
854 855
859 896
862 895
865 894
868 893
871 892
874 891
877 890
880 889
883 888
885 886
899 936
902 935
905 934
908 933
911 932
914 931
917 930
920 929
923 928
925 926
939 976
942 975
945 974
948 973
951 972
954 971
957 970
960 969
963 968
965 966
979 1016
982 1015
985 1014
988 1013
991 1012
994 1011
997 1010
1000 1009
1003 1008
1005 1006
1017 1062
1020 1061
1023 1060
1026 1059
1029 1058
1032 1057
1035 1056
1038 1055
1041 1054
1044 1053
1047 1052
1049 1050
1065 1102
1068 1101
1071 1100
1074 1099
1077 1098
1080 1097
1083 1096
1086 1095
1089 1094
1091 1092
1105 1142
1108 1141
1111 1140
1114 1139
1117 1138
1120 1137
1123 1136
1126 1135
1129 1134
1131 1132
1145 1182
1148 1181
1151 1180
1154 1179
1157 1178
1160 1177
1163 1176
1166 1175
1169 1174
1171 1172
1185 1222
1188 1221
1191 1220
1194 1219
1197 1218
1200 1217
1203 1216
1206 1215
1209 1214
1211 1212
1225 1262
1228 1261
1231 1260
1234 1259
1237 1258
1240 1257
1243 1256
1246 1255
1249 1254
1251 1252
1265 1302
1268 1301
1271 1300
1274 1299
1277 1298
1280 1297
1283 1296
1286 1295
1289 1294
1291 1292
1306 1313
1307 1312
1309 1310
1316 1317
1320 1341
1322 1323
1326 1327
1328 1335
1329 1334
1331 1332
1338 1339
1346 1347
1349 1358
1350 1353
1351 1352
1354 1357
1355 1356
1363 1364
1370 1397
1373 1378
1376 1377
1381 1396
1384 1395
1387 1392
1390 1391
1406 1407
1410 1411
1413 1414
1416 1417
1419 1420
1422 1423
1432 1433
1437 1438
1441 1442
1449 1478
1452 1477
1455 1476
1458 1475
1461 1474
1464 1473
1467 1472
1470 1471
1481 1498
1484 1497
1487 1496
1490 1495
1493 1494
1501 1522
1504 1521
1507 1520
1510 1519
1513 1518
1516 1517
1525 1546
1528 1545
1531 1544
1534 1543
1537 1542
1540 1541
1549 1574
1552 1573
1555 1572
1558 1571
1561 1570
1564 1569
1567 1568
1577 1622
1580 1621
1583 1620
1586 1619
1589 1618
1592 1617
1595 1616
1598 1615
1601 1614
1604 1613
1607 1612
1610 1611
1625 1646
1628 1645
1631 1644
1634 1643
1637 1642
1640 1641
1649 1674
1652 1673
1655 1672
1658 1671
1661 1670
1664 1669
1667 1668
1680 1685
1683 1684
1692 1693
1696 1700
1698 1699
1707 1708
1711 1712
1714 1715
1717 1718
1720 1721
1723 1724
1726 1727
1729 1730
1732 1733
1735 1736
1738 1739
1741 1742
1744 1745
1747 1748
1750 1751
1753 1754
1756 1757
1759 1760
1762 1763
1765 1766
1768 1769
1771 1772
1774 1775
1777 1778
1780 1781
1783 1784
1786 1787
1789 1790
1792 1793
1795 1796
1798 1799
1801 1802
1804 1805
1807 1808
1814 1815
1819 1820
1825 1829
1827 1828
1833 1837
1835 1836
1841 1845
1843 1844
1851 1852
1861 1862
1867 1868
1870 1871
1877 1878
1883 1884
1890 1891
1893 1894
1897 1898
1901 1902
1904 1909
1907 1908
1937 1940
1938 1939
1942 1943
1946 1947
1949 1950
1953 1956
1954 1955
1959 1996
1963 1964
1967 1968
1970 1973
1971 1972
1974 1975
1978 1982
1979 1980
1984 1988
1986 1987
1989 1990
1992 1993
1998 1999
2001 2005
2003 2004
2006 2007
2013 2014
2019 2020
16 4
2024 2026
2032 2033
2041 2042
2050 2051
17 0
18 479
2061 2063
2066 2074
2067 2068
2070 2072
2080 2081
2086 2088
2091 2092
2097 2098
2100 2101
2103 2104
2106 2107
2109 2110
2112 2113
2115 2116
2118 2119
2121 2122
2124 2125
2127 2128
2130 2131
2133 2134
2137 2138
2139 2140
2142 2186
2149 2150
2156 2158
2161 2162
2165 2167
2169 2179
2171 2172
2174 2175
2177 2178
2189 2190
2191 2192
2194 2238
2201 2202
2208 2210
2213 2214
2217 2219
2221 2231
2223 2224
2226 2227
2229 2230
2241 2242
2243 2244
2246 2252
2247 2249
2250 2251
2259 2260
2265 2267
2270 2271
2275 2276
2277 2282
2278 2279
2280 2281
2283 2310
2284 2308
2285 2287
2292 2294
2297 2298
2302 2303
2304 2305
2314 2315
2317 2379
2321 2322
2328 2330
2333 2334
2337 2339
2341 2351
2343 2344
2346 2347
2349 2350
2356 2357
2359 2360
2362 2377
2363 2376
2364 2375
2365 2366
2368 2369
2371 2374
2372 2373
2384 2385
2391 2393
2396 2397
2400 2402
2404 2414
2406 2407
2409 2410
2412 2413
2419 2420
2423 2462
2427 2428
2434 2436
2439 2440
2443 2445
2447 2457
2449 2450
2452 2453
2455 2456
2472 2473
2479 2481
2484 2485
2488 2490
2492 2502
2494 2495
2497 2498
2500 2501
2512 2514
2519 2520
2526 2528
2531 2532
2535 2537
2539 2549
2541 2542
2544 2545
2547 2548
2561 2562
2568 2570
2573 2574
2577 2579
2581 2591
2583 2584
2586 2587
2589 2590
2597 2598
2603 2604
2613 2614
2620 2622
2625 2626
2629 2631
2633 2643
2635 2636
2638 2639
2641 2642
2654 2657
2655 2656
2662 2664
2669 2671
2674 2675
2679 2700
2680 2699
2681 2683
2688 2690
2693 2694
2702 2705
2703 2704
2707 2713
2708 2712
2709 2711
2715 2738
2716 2721
2719 2720
2722 2731
2725 2730
2728 2729
2732 2737
2734 2736
2741 2763
2744 2762
2748 2750
2753 2754
2759 2761
2764 2978
2765 2977
2766 2976
2770 2772
2775 2776
2781 2783
2791 2793
2796 2797
2801 2802
2803 2804
2805 2806
2807 2808
2813 2965
2814 2964
2816 2817
2819 2820
2822 2823
2825 2826
2828 2829
2831 2832
2834 2835
2837 2838
2840 2841
2843 2844
2846 2847
2849 2850
2856 2858
2861 2862
2866 2868
2874 2875
2877 2883
2881 2882
2884 2890
2888 2889
2891 2897
2895 2896
2898 2904
2902 2903
2905 2911
2909 2910
2912 2918
2916 2917
2919 2925
2923 2924
2926 2932
2930 2931
2933 2939
2937 2938
2940 2946
2944 2945
2947 2953
2951 2952
2954 2960
2958 2959
2971 2972
2987 2992
2990 2991
2998 2999
3001 3002
3004 3005
3007 3008
3010 3013
3011 3012
3015 3017
3022 3024
3030 3031
3033 3034
3036 3037
3039 3040
3042 3043
3045 3046
3048 3049
3051 3052
3054 3055
3057 3058
3060 3061
3063 3064
3066 3067
3069 3070
3072 3073
3075 3076
3078 3079
3081 3082
3084 3085
3087 3088
3090 3091
3093 3094
3096 3097
3100 3101
3104 3110
3106 3108
3113 3114
3117 3162
3125 3126
3132 3134
3137 3138
3141 3143
3145 3155
3147 3148
3150 3151
3153 3154
3166 3167
3169 3173
3170 3171
3175 3220
3182 3183
3189 3191
3194 3195
3198 3200
3202 3212
3204 3205
3207 3208
3210 3211
3222 3226
3223 3224
3231 3232
3235 3280
3243 3244
3250 3252
3255 3256
3259 3261
3263 3273
3265 3266
3268 3269
3271 3272
3283 3284
3285 3286
3288 3289
3294 3295
3301 3303
3306 3307
3310 3312
3314 3324
3316 3317
3319 3320
3322 3323
3330 3331
3337 3338
3344 3346
3349 3350
3353 3355
3357 3367
3359 3360
3362 3363
3365 3366
3374 3375
3376 3379
3377 3378
3380 3383
3381 3382
3386 3390
3387 3388
3392 3435
3396 3398
3401 3402
3412 3413
3415 3416
3419 3420
3425 3427
3430 3431
3437 3485
3438 3481
3442 3444
3447 3448
3458 3459
3461 3462
3465 3466
3471 3473
3476 3477
3483 3484
3487 3488
3489 3490
3491 3495
3492 3493
3497 3514
3498 3500
3505 3507
3510 3511
3516 3520
3517 3518
3522 3528
3523 3525
3526 3527
3530 3569
3534 3535
3541 3543
3546 3547
3550 3552
3554 3564
3556 3557
3559 3560
3562 3563
3574 3575
3581 3583
3586 3587
3590 3592
3594 3604
3596 3597
3599 3600
3602 3603
3610 3611
3619 3621
3624 3625
3629 3636
3630 3635
3633 3634
3646 3647
3653 3655
3658 3659
3662 3664
3666 3676
3668 3669
3671 3672
3674 3675
3692 3693
3699 3701
3704 3705
3708 3710
3712 3722
3714 3715
3717 3718
3720 3721
3737 3738
3744 3746
3749 3750
3753 3755
3757 3767
3759 3760
3762 3763
3765 3766
3782 3783
3789 3791
3794 3795
3798 3800
3802 3812
3804 3805
3807 3808
3810 3811
3827 3828
3834 3836
3839 3840
3843 3845
3847 3857
3849 3850
3852 3853
3855 3856
3872 3873
3879 3881
3884 3885
3888 3890
3892 3902
3894 3895
3897 3898
3900 3901
3917 3918
3924 3926
3929 3930
3933 3935
3937 3947
3939 3940
3942 3943
3945 3946
3962 3963
3969 3971
3974 3975
3978 3980
3982 3992
3984 3985
3987 3988
3990 3991
4001 4002
4005 4007
4010 4011
4020 4021
4027 4029
4032 4033
4036 4038
4040 4050
4042 4043
4045 4046
4048 4049
4059 4060
4062 4063
4068 4069
4070 4071
4072 4073
4074 4075
4076 4077
4078 4090
4079 4088
4082 4083
4086 4087
4091 4092
4093 4094
4097 4098
4099 4159
4100 4101
4104 4109
4107 4108
4112 4158
4120 4121
4127 4129
4132 4133
4136 4138
4140 4150
4142 4143
4145 4146
4148 4149
4167 4168
4174 4176
4179 4180
4183 4185
4187 4197
4189 4190
4192 4193
4195 4196
4209 4210
4212 4214
19 0
20 0
21 1
4247 4248
22 1
4259 4260
23 8
4268 4273
4271 4272
4276 4281
4277 4278
4279 4280
4282 4287
4283 4284
4285 4286
24 11
4292 4293
4296 4297
4298 4303
4299 4302
4300 4301
4306 4307
4308 4309
4310 4315
4311 4314
4312 4313
4318 4319
25 2
4327 4328
4332 4334
26 6
4341 4343
4346 4351
4347 4348
4357 4358
4360 4361
4363 4364
27 58
4375 4377
4386 4387
4388 4389
4391 4392
4396 4397
4399 4400
4402 4403
4405 4406
4408 4409
4411 4412
4414 4415
4417 4418
4420 4421
4423 4424
4426 4427
4429 4430
4432 4433
4435 4436
4438 4439
4441 4442
4444 4445
4447 4448
4450 4451
4453 4454
4456 4457
4459 4460
4462 4463
4465 4466
4468 4469
4471 4472
4474 4475
4477 4478
4480 4481
4493 4494
4498 4499
4508 4509
4517 4518
4522 4523
4532 4533
4535 4536
4545 4546
4548 4549
4558 4559
4563 4564
4565 4567
4584 4585
4587 4590
4588 4589
4606 4611
4609 4610
4626 4642
4627 4637
4628 4629
4631 4632
4635 4636
4639 4640
4644 4657
4673 4675
28 1
4689 4690
29 0
30 35
4697 4699
4700 4702
4704 4705
4706 4707
4709 4719
4712 4718
4713 4717
4714 4716
4721 4728
4722 4727
4724 4726
4733 4790
4734 4789
4735 4788
4736 4774
4738 4741
4739 4740
4743 4744
4747 4760
4751 4757
4755 4756
4764 4770
4768 4769
4775 4776
4777 4778
4781 4782
4786 4787
4792 4800
4793 4799
4794 4798
4795 4797
4803 4805
4807 4809
4811 4812
4813 4814
31 0
32 289
4826 4828
4833 4871
4835 4868
4836 4865
4837 4862
4838 4859
4839 4856
4840 4853
4841 4850
4842 4847
4843 4844
4873 4876
4877 4880
4886 4887
4891 4894
4892 4893
4897 4898
4900 4903
4901 4902
4908 5049
4909 4955
4910 4938
4911 4916
4912 4915
4913 4914
4919 4920
4921 4924
4922 4923
4925 4936
4926 4935
4931 4932
4939 4954
4941 4944
4942 4943
4950 4951
4957 5041
4958 5040
4959 4971
4960 4961
4964 4966
4967 4969
4972 4982
4973 4981
4975 4977
4978 4980
4984 4988
4986 4987
4994 4995
4997 4998
5002 5003
5006 5007
5008 5017
5011 5016
5014 5015
5019 5028
5022 5027
5025 5026
5036 5037
5044 5045
5053 5054
5056 5057
5059 5060
5062 5063
5065 5066
5068 5069
5071 5072
5074 5075
5077 5078
5080 5081
5083 5084
5086 5087
5089 5090
5092 5093
5095 5096
5098 5099
5101 5102
5104 5105
5107 5108
5110 5111
5113 5114
5116 5117
5119 5120
5122 5123
5125 5126
5128 5129
5131 5132
5134 5135
5137 5138
5144 5169
5151 5152
5154 5155
5162 5163
5166 5167
5176 5177
5179 5180
5185 5186
5189 5190
5200 5201
5212 5213
5215 5216
5220 5226
5221 5222
5224 5225
5227 5233
5228 5229
5231 5232
5242 5243
5255 5256
5258 5259
5263 5264
5266 5271
5269 5270
5274 5275
5284 5285
5296 5297
5301 5307
5304 5305
5310 5311
5318 5324
5321 5322
5327 5328
5333 5338
5336 5337
5342 5343
5347 5348
5351 5471
5352 5470
5355 5356
5358 5359
5361 5362
5364 5365
5367 5368
5384 5385
5391 5469
5392 5468
5395 5467
5398 5466
5401 5418
5408 5409
5414 5415
5439 5440
5442 5443
5445 5446
5449 5450
5458 5459
5478 5479
5482 5483
5486 5495
5489 5494
5492 5493
5497 5506
5500 5505
5503 5504
5508 5509
5517 5518
5520 5521
5525 5526
5530 5531
5536 5537
5539 5540
5545 5546
5548 5549
5551 5552
5558 5559
5561 5562
5563 5566
5564 5565
5569 5572
5570 5571
5576 5579
5577 5578
5580 5581
5583 5586
5584 5585
5590 5591
5593 5594
5595 5596
5600 5601
5623 5624
5626 5627
5629 5630
5633 5634
5642 5643
5668 5671
5669 5670
5675 5681
5676 5680
5678 5679
5689 5690
5692 5693
5695 5696
5699 5700
5708 5709
5733 5738
5734 5735
5736 5737
5742 5743
5744 5745
5746 5781
5747 5780
5748 5749
5754 5759
5757 5758
5762 5763
5766 5779
5770 5775
5773 5774
5777 5778
5786 5788
5791 5792
5798 5799
5826 5827
5829 5830
5832 5833
5836 5837
5845 5846
5861 5862
5864 5865
5867 5868
5871 5872
5880 5881
5895 5908
5909 5911
5920 5928
5964 5965
5967 5968
5969 5970
5971 5972
5973 5974
5975 5976
5979 5980
5981 5982
5985 5986
5990 5991
5993 5994
5995 5996
5997 5998
5999 6000
6001 6002
6005 6006
6007 6008
6011 6012
6016 6017
6018 6019
6022 6038
6023 6024
6026 6027
6028 6029
6030 6031
6032 6033
6036 6037
6042 6043
6045 6046
6047 6048
6049 6050
6051 6052
6055 6066
6056 6057
6058 6059
6062 6065
6063 6064
6073 6074
6076 6077
6081 6082
6083 6084
6087 6088
6097 6098
6110 6111
6113 6114
6118 6119
6120 6121
6124 6125
6134 6135
6146 6211
6148 6149
6155 6156
6160 6161
6163 6205
6166 6167
6169 6170
6172 6173
6175 6176
6194 6197
6195 6196
6198 6201
6199 6200
6207 6210
6208 6209
6215 6216
33 10
6225 6226
6229 6230
6232 6233
6249 6298
6255 6256
6259 6260
6264 6265
6282 6284
6294 6295
6305 6306
34 3
6317 6318
6321 6322
6341 6342
35 19
6351 6352
6354 6355
6357 6358
6360 6361
6363 6364
6366 6367
6369 6370
6372 6373
6375 6376
6378 6379
6381 6382
6384 6385
6387 6388
6390 6391
6398 6399
6401 6403
6418 6419
6436 6450
6456 6458
36 2
6472 6473
6478 6480
37 0
38 7
6489 6490
6493 6513
6495 6497
6503 6504
6509 6510
6515 6516
6519 6520
39 10
6525 6528
6526 6527
6531 6539
6533 6535
6536 6538
6541 6542
6545 6557
6546 6555
6551 6552
6559 6560
40 5
6564 6565
6566 6567
6570 6571
6574 6577
6575 6576
41 3
6580 6581
6584 6585
6588 6589
42 1
6595 6596
43 1
6600 6601
44 1
6605 6606
45 0
46 0
47 0
48 1
6624 6625
49 1
6635 6636
50 1
6646 6647
51 2
6657 6658
6662 6664
52 4
6674 6675
6678 6680
6684 6693
6688 6689
53 0
54 0
55 0
56 0
57 0
58 0
59 0
60 0
61 0
62 0
63 0
64 0
65 1
6768 6770
66 148
6779 6780
6782 6784
6788 6789
6791 6792
6794 6795
6797 6798
6800 6801
6803 6804
6806 6807
6809 6810
6812 6813
6815 6816
6818 6819
6821 6822
6824 6825
6827 6828
6830 6831
6833 6834
6836 6837
6839 6840
6842 6843
6845 6846
6848 6849
6851 6852
6854 6855
6857 6858
6860 6861
6863 6864
6866 6867
6869 6870
6873 6874
6876 6877
6881 6882
6884 6887
6888 6891
6892 6895
6896 6899
6902 6903
6905 6908
6909 6912
6913 6919
6914 6917
6915 6916
6920 6929
6923 6928
6926 6927
6932 6935
6936 6942
6937 6940
6938 6939
6943 6952
6946 6951
6949 6950
6955 6958
6959 6966
6960 6965
6961 6964
6969 6974
6970 6973
6977 6980
6983 6986
6989 6992
6995 6998
7001 7002
7004 7005
7007 7010
7008 7009
7015 7016
7018 7021
7019 7020
7026 7027
7029 7030
7032 7035
7033 7034
7040 7041
7043 7044
7047 7051
7048 7049
7056 7074
7061 7065
7062 7063
7070 7071
7075 7076
7078 7095
7082 7086
7083 7084
7091 7092
7097 7107
7098 7099
7101 7105
7102 7103
7109 7110
7115 7116
7118 7119
7124 7125
7126 7127
7128 7129
7134 7135
7140 7141
7143 7146
7144 7145
7151 7152
7155 7156
7158 7159
7164 7165
7171 7172
7177 7178
7182 7183
7188 7189
7192 7196
7193 7194
7199 7206
7200 7204
7201 7202
7211 7247
7212 7246
7217 7218
7221 7243
7226 7227
7230 7231
7236 7240
7237 7238
7249 7258
7250 7257
7251 7255
7252 7253
7260 7264
7261 7262
7267 7294
7268 7272
7269 7270
7275 7276
7277 7286
7278 7285
7279 7283
7280 7281
7288 7292
7289 7290
7299 7300
7303 7314
7307 7308
7312 7313
7319 7320
7323 7327
7325 7326
7333 7347
7337 7346
7341 7342
67 10
7356 7365
7360 7361
7369 7370
7372 7373
7375 7376
7378 7379
7381 7382
7384 7385
7387 7388
7398 7399
68 12
7403 7406
7404 7405
7407 7408
7409 7410
7411 7412
7413 7414
7415 7416
7417 7418
7419 7420
7421 7422
7423 7428
7425 7426
69 6
7435 7436
7438 7439
7441 7442
7444 7445
7447 7448
7450 7451
70 1
7468 7469
71 9
7479 7480
7481 7482
7483 7484
7485 7486
7488 7513
7490 7491
7493 7494
7500 7501
7508 7509
72 3
7522 7527
7523 7526
7524 7525
73 2
7537 7538
7541 7542
74 3
7548 7549
7552 7553
7556 7557
75 1
7566 7567
76 5
7578 7583
7581 7582
7587 7592
7590 7591
7597 7598
77 6
7608 7611
7609 7610
7615 7616
7619 7620
7626 7627
7634 7635
78 4
7645 7646
7650 7651
7655 7664
7660 7661
79 34
7669 7670
7672 7673
7679 7680
7688 7689
7693 7694
7697 7698
7701 7702
7705 7706
7712 7713
7717 7718
7721 7722
7726 7728
7732 7741
7736 7737
7747 7748
7752 7799
7754 7755
7757 7763
7758 7759
7761 7762
7764 7765
7767 7773
7768 7769
7771 7772
7774 7775
7777 7783
7778 7779
7781 7782
7784 7785
7787 7793
7788 7789
7791 7792
7797 7798
7802 7803
80 13
7814 7815
7823 7824
7828 7892
7831 7891
7834 7890
7838 7840
7846 7847
7849 7850
7852 7853
7855 7856
7858 7859
7861 7862
7885 7886
81 31
7903 7904
7912 7913
7918 7919
7921 7922
7924 7925
7927 7928
7930 7931
7933 7934
7936 7937
7948 7949
7954 7965
7960 7961
7971 7972
7981 7982
7987 7998
7993 7994
8004 8005
8010 8011
8016 8017
8025 8030
8028 8029
8037 8038
8041 8042
8055 8056
8060 8061
8064 8065
8068 8075
8072 8073
8085 8086
8094 8095
8099 8100
82 67
8108 8124
8113 8114
8119 8120
8132 8133
8138 8143
8141 8142
8146 8147
8149 8219
8152 8153
8155 8156
8160 8161
8163 8164
8169 8170
8176 8177
8179 8180
8185 8186
8192 8193
8195 8196
8201 8202
8210 8213
8211 8212
8217 8218
8225 8226
8230 8238
8233 8237
8235 8236
8244 8245
8248 8249
8253 8254
8260 8261
8264 8265
8268 8269
8273 8274
8277 8278
8282 8283
8288 8333
8295 8296
8300 8301
8305 8306
8311 8312
8314 8315
8321 8322
8324 8325
8329 8330
8338 8339
8347 8348
8354 8355
8363 8364
8370 8381
8377 8378
8384 8398
8389 8390
8394 8395
8404 8405
8407 8408
8412 8426
8417 8418
8422 8423
8429 8430
8432 8433
8439 8440
8446 8447
8449 8460
8451 8452
8456 8457
8458 8459
8472 8473
83 21
8480 8499
8485 8486
8490 8491
8494 8495
8504 8505
8509 8519
8512 8513
8517 8518
8523 8524
8528 8538
8531 8532
8536 8537
8542 8543
8547 8557
8550 8551
8555 8556
8563 8564
8568 8588
8575 8576
8584 8585
8595 8596
84 0
85 21
8603 8620
8608 8609
8611 8612
8616 8617
8622 8623
8630 8642
8635 8636
8639 8640
8646 8667
8647 8666
8650 8665
8653 8662
8654 8659
8657 8658
8669 8676
8670 8675
8673 8674
8678 8680
8682 8684
8688 8692
8689 8691
86 0
87 4
8701 8721
8703 8704
8710 8711
8716 8717
88 7
8729 8730
8738 8739
8743 8744
8752 8753
8757 8758
8761 8762
8770 8771
89 6
8777 8778
8780 8781
8782 8784
8786 8787
8789 8792
8790 8791
90 0
91 2
8802 8803
8806 8808
92 1
8814 8815
93 2
8819 8821
8829 8830
94 8
8836 8838
8841 8844
8852 8853
8856 8859
8869 8870
8873 8874
8876 8877
8882 8884
95 10
8889 8891
8892 8894
8897 8899
8905 8906
8912 8913
8921 8926
8924 8925
8930 8931
8935 8936
8939 8940
96 4
8946 8948
8949 8951
8959 8960
8963 8964
97 7
8970 8972
8973 8975
8978 8980
8988 8989
8997 8998
9001 9004
9007 9009
98 0
99 60
9021 9023
9029 9030
9038 9039
9044 9045
9048 9049
9052 9053
9056 9057
9065 9066
9070 9071
9073 9074
9076 9077
9079 9080
9082 9083
9085 9086
9088 9089
9091 9092
9094 9095
9097 9098
9100 9101
9103 9104
9106 9107
9109 9110
9112 9113
9115 9116
9118 9119
9125 9126
9130 9131
9134 9135
9143 9148
9146 9147
9153 9154
9160 9161
9165 9166
9174 9175
9180 9181
9185 9186
9190 9191
9199 9200
9203 9204
9209 9210
9213 9214
9217 9218
9222 9238
9225 9237
9227 9228
9231 9232
9235 9236
9242 9246
9244 9245
9250 9251
9254 9255
9259 9267
9262 9266
9264 9265
9270 9271
9272 9273
9274 9275
9277 9278
9285 9286
9292 9293
100 5
9301 9303
9306 9307
9310 9311
9314 9315
9318 9321
101 37
9331 9332
9334 9335
9341 9344
9342 9343
9347 9348
9351 9476
9353 9354
9357 9358
9361 9362
9365 9367
9370 9371
9374 9375
9378 9379
9382 9384
9387 9388
9393 9398
9396 9397
9400 9401
9405 9475
9406 9412
9410 9411
9413 9474
9417 9473
9421 9422
9424 9425
9429 9430
9432 9433
9439 9440
9442 9443
9450 9451
9453 9454
9460 9461
9463 9464
9471 9472
9480 9481
9484 9485
9487 9488
102 1
9492 9494
103 6
9499 9501
9507 9508
9514 9517
9515 9516
9519 9520
9523 9526
104 2
9533 9535
9540 9541
105 6
9545 9547
9550 9551
9555 9556
9562 9565
9563 9564
9567 9568
106 1
9573 9575
107 28
9581 9590
9586 9587
9595 9596
9600 9646
9601 9645
9603 9604
9607 9608
9611 9612
9618 9619
9627 9628
9636 9637
9641 9642
9651 9652
9658 9659
9662 9663
9664 9665
9667 9670
9668 9669
9680 9681
9685 9686
9688 9689
9697 9698
9703 9712
9708 9709
9717 9718
9723 9732
9728 9729
9737 9738
108 18
9745 9747
9749 9751
9753 9756
9759 9807
9767 9768
9771 9772
9775 9776
9779 9780
9787 9804
9792 9797
9795 9796
9801 9803
9813 9814
9817 9818
9822 9839
9827 9832
9830 9831
9836 9838
109 35
9846 9848
9851 9852
9855 9856
9861 9862
9864 9879
9865 9878
9871 9874
9872 9873
9881 9882
9885 9886
9892 9893
9895 9896
9902 9905
9903 9904
9907 9908
9911 9915
9913 9914
9919 9920
9925 9926
9932 9933
9936 9937
9940 9941
9944 9947
9945 9946
9953 9954
9956 9957
9963 9966
9964 9965
9968 9969
9972 9978
9974 9977
9975 9976
9982 9984
9986 9987
9990 9991
110 4
9996 10008
9997 10005
9999 10002
10000 10001
111 2
10014 10017
10015 10016
112 0
113 5
10025 10040
10030 10031
10036 10037
10042 10043
10046 10047
114 8
10051 10087
10056 10057
10059 10060
10063 10064
10072 10073
10075 10076
10079 10080
10085 10086
115 7
10092 10093
10096 10097
10098 10113
10100 10101
10103 10104
10107 10108
10110 10111
116 8
10119 10120
10123 10124
10127 10128
10129 10144
10131 10132
10134 10135
10138 10139
10141 10142
117 31
10153 10154
10156 10189
10158 10159
10162 10163
10168 10173
10171 10172
10178 10179
10182 10183
10187 10188
10191 10192
10195 10196
10201 10206
10204 10205
10210 10211
10214 10265
10216 10219
10217 10218
10220 10223
10221 10222
10225 10264
10229 10230
10232 10233
10237 10238
10241 10242
10243 10244
10248 10249
10252 10253
10255 10256
10258 10262
10259 10260
10271 10272
118 6
10284 10287
10285 10286
10292 10293
10295 10296
10299 10300
10304 10305
119 19
10313 10314
10317 10318
10322 10337
10323 10328
10326 10327
10330 10335
10333 10334
10338 10372
10343 10346
10344 10345
10348 10358
10352 10353
10356 10357
10360 10370
10364 10365
10368 10369
10379 10380
10386 10391
10389 10390
